55080616474839554568863439543692364031
163464130118461864016426552874571407073
2716910311

55080616474839554568863439543692364031
163464130118461864016426552874571407073
2716910311

31702486084821320271793204935642418730158876044644721623546652821244620225603
97032050749401051436410698175417600571771600363302549219952666401792134180887
13410608643971841947

55080616474839554568863439543692364031
163464130118461864016426552874571407073
2716910311

31702486084821320271793204935642418730158876044644721623546652821244620225603
97032050749401051436410698175417600571771600363302549219952666401792134180887
13410608643971841947

4184500146616718076242263309614961012996729182530950993984342985937035662951837700050529221091883848735956863460702364093649818872170357813022234208444333
11902831286529803920095712594682831908248798446552275733644015016272636193742608956748373897233921579238989920371402956782754623921494680679299033761641173
250976036091186830052649429084027154597

55080616474839554568863439543692364031
163464130118461864016426552874571407073
2716910311

31702486084821320271793204935642418730158876044644721623546652821244620225603
97032050749401051436410698175417600571771600363302549219952666401792134180887
13410608643971841947

4184500146616718076242263309614961012996729182530950993984342985937035662951837700050529221091883848735956863460702364093649818872170357813022234208444333
11902831286529803920095712594682831908248798446552275733644015016272636193742608956748373897233921579238989920371402956782754623921494680679299033761641173
250976036091186830052649429084027154597

734590300166785287004974304581347867274886129622661610569272106386520421592276105242015165588113322186568143507560676735338241023378691382902635967404741032591713848270285068708245794854404918525790807901748002331175543851379067118631482890698217650249577171489891378168786854439515396775291268140706352275
98354487442883043857763110373942189510167051148273810912057081072548872633200065796200732396191971093016351136587499090726140005318532484431186129419603897224929787095285284948451086277355275664837224877455160340465902892039952265256420087869195222820694548811544995352596145499917278002957504183181424881621
75669041220704315837052005965263784468748566455050843371883967733134212800027

